$ANSIBLE_VAULT;1.1;AES256
31313161396466626361333431313239633930313331623034616533306431346234333261653665
6438366165636435303261623737653364333335643063620a303234353730343965643364646635
36356435616533656330306330393835393130343363353630663466633931633265666235353664
3966343664653831630a653034393863346561393730613634656163353463396262333036373630
32643763326231306533386130623761306632366437396665633234333364333765623765616264
36363638363335363963343738396136643134666164643965613238646236313832366661316339
36323134663437623632343333306238636236626661623166353837353934656261373836643536
64386361326639323339613066623839313763313236363831613564643138396466366435346663
66303231316361313739306335636462303232353464383931643965346439333730633533646436
66643430303865333566656538393839306466373238306463343934326232383766633065313631
646663373834336539346339373535303465
